  -38.7488  -38.7488  -38.7488
  -76.5923  -76.5923  -76.5923
   59.7656   59.7656   59.7656
  456.7422  456.7422  456.7422
  672.1423  672.1423  672.1423
  673.5351  673.5351  673.5351
  672.5146  672.5146  672.5146
  670.2543  670.2543  670.2543
  663.7410  663.7410  663.7410
  649.1089  649.1089  649.1089
  619.6356  619.6356  619.6356
  605.1711  605.1711  605.1711
  587.7176  587.7176  587.7176
  541.3641  541.3641  541.3641
  475.1202  475.1202  475.1202
  379.2913  379.2913  379.2913
  220.5965  220.5965  220.5965
         0         0         0
