0.1645    0.1645    0.1645
    0.3038    0.3038    0.3038
    0.5177    0.5177    0.5177
    1.6396    1.6396    1.6396
    3.0722    3.0722    3.0722
    3.7594    3.7594    3.7594
    4.6335    4.6335    4.6335
    5.4726    5.4726    5.4726
    6.1366    6.1366    6.1366
    6.5547    6.5547    6.5547
    6.7482    6.7482    6.7482
    6.7688    6.7688    6.7688
    6.7617    6.7617    6.7617
    6.6138    6.6138    6.6138
    6.2223    6.2223    6.2223
    5.4715    5.4715    5.4715
    3.9238    3.9238    3.9238
         0         0         0
